Payment, Ammount,Principal,Intrest,Balance 
1,5.98,5.15,0.83,994.85
2,5.98,5.16,0.83,989.69
3,5.98,5.16,0.82,984.53
4,5.98,5.16,0.82,979.37
5,5.98,5.17,0.82,974.20
6,5.98,5.17,0.81,969.03
7,5.98,5.18,0.81,963.85
8,5.98,5.18,0.80,958.67
9,5.98,5.19,0.80,953.48
10,5.98,5.19,0.79,948.29
11,5.98,5.19,0.79,943.10
12,5.98,5.20,0.79,937.90
13,5.98,5.20,0.78,932.69
14,5.98,5.21,0.78,927.49
15,5.98,5.21,0.77,922.27
16,5.98,5.22,0.77,917.06
17,5.98,5.22,0.76,911.84
18,5.98,5.23,0.76,906.61
19,5.98,5.23,0.76,901.38
20,5.98,5.23,0.75,896.15
21,5.98,5.24,0.75,890.91
22,5.98,5.24,0.74,885.67
23,5.98,5.25,0.74,880.42
24,5.98,5.25,0.73,875.17
25,5.98,5.26,0.73,869.91
26,5.98,5.26,0.72,864.65
27,5.98,5.26,0.72,859.39
28,5.98,5.27,0.72,854.12
29,5.98,5.27,0.71,848.85
30,5.98,5.28,0.71,843.57
31,5.98,5.28,0.70,838.29
32,5.98,5.29,0.70,833.00
33,5.98,5.29,0.69,827.71
34,5.98,5.30,0.69,822.42
35,5.98,5.30,0.69,817.12
36,5.98,5.30,0.68,811.81
37,5.98,5.31,0.68,806.50
38,5.98,5.31,0.67,801.19
39,5.98,5.32,0.67,795.87
40,5.98,5.32,0.66,790.55
41,5.98,5.33,0.66,785.23
42,5.98,5.33,0.65,779.89
43,5.98,5.34,0.65,774.56
44,5.98,5.34,0.65,769.22
45,5.98,5.34,0.64,763.88
46,5.98,5.35,0.64,758.53
47,5.98,5.35,0.63,753.17
48,5.98,5.36,0.63,747.82
49,5.98,5.36,0.62,742.46
50,5.98,5.37,0.62,737.09
51,5.98,5.37,0.61,731.72
52,5.98,5.38,0.61,726.34
53,5.98,5.38,0.61,720.96
54,5.98,5.38,0.60,715.58
55,5.98,5.39,0.60,710.19
56,5.98,5.39,0.59,704.80
57,5.98,5.40,0.59,699.40
58,5.98,5.40,0.58,694.00
59,5.98,5.41,0.58,688.59
60,5.98,5.41,0.57,683.18
61,5.98,5.42,0.57,677.77
62,5.98,5.42,0.56,672.35
63,5.98,5.42,0.56,666.92
64,5.98,5.43,0.56,661.49
65,5.98,5.43,0.55,656.06
66,5.98,5.44,0.55,650.62
67,5.98,5.44,0.54,645.18
68,5.98,5.45,0.54,639.73
69,5.98,5.45,0.53,634.28
70,5.98,5.46,0.53,628.82
71,5.98,5.46,0.52,623.36
72,5.98,5.47,0.52,617.89
73,5.98,5.47,0.51,612.42
74,5.98,5.47,0.51,606.95
75,5.98,5.48,0.51,601.47
76,5.98,5.48,0.50,595.99
77,5.98,5.49,0.50,590.50
78,5.98,5.49,0.49,585.01
79,5.98,5.50,0.49,579.51
80,5.98,5.50,0.48,574.01
81,5.98,5.51,0.48,568.50
82,5.98,5.51,0.47,562.99
83,5.98,5.52,0.47,557.47
84,5.98,5.52,0.46,551.95
85,5.98,5.52,0.46,546.43
86,5.98,5.53,0.46,540.90
87,5.98,5.53,0.45,535.36
88,5.98,5.54,0.45,529.82
89,5.98,5.54,0.44,524.28
90,5.98,5.55,0.44,518.73
91,5.98,5.55,0.43,513.18
92,5.98,5.56,0.43,507.62
93,5.98,5.56,0.42,502.06
94,5.98,5.57,0.42,496.49
95,5.98,5.57,0.41,490.92
96,5.98,5.58,0.41,485.35
97,5.98,5.58,0.40,479.77
98,5.98,5.59,0.40,474.18
99,5.98,5.59,0.40,468.59
100,5.98,5.59,0.39,463.00
101,5.98,5.60,0.39,457.40
102,5.98,5.60,0.38,451.80
103,5.98,5.61,0.38,446.19
104,5.98,5.61,0.37,440.57
105,5.98,5.62,0.37,434.96
106,5.98,5.62,0.36,429.33
107,5.98,5.63,0.36,423.71
108,5.98,5.63,0.35,418.07
109,5.98,5.64,0.35,412.44
110,5.98,5.64,0.34,406.80
111,5.98,5.65,0.34,401.15
112,5.98,5.65,0.33,395.50
113,5.98,5.66,0.33,389.84
114,5.98,5.66,0.32,384.18
115,5.98,5.66,0.32,378.52
116,5.98,5.67,0.32,372.85
117,5.98,5.67,0.31,367.18
118,5.98,5.68,0.31,361.50
119,5.98,5.68,0.30,355.81
120,5.98,5.69,0.30,350.12
121,5.98,5.69,0.29,344.43
122,5.98,5.70,0.29,338.73
123,5.98,5.70,0.28,333.03
124,5.98,5.71,0.28,327.32
125,5.98,5.71,0.27,321.61
126,5.98,5.72,0.27,315.89
127,5.98,5.72,0.26,310.17
128,5.98,5.73,0.26,304.45
129,5.98,5.73,0.25,298.72
130,5.98,5.74,0.25,292.98
131,5.98,5.74,0.24,287.24
132,5.98,5.75,0.24,281.49
133,5.98,5.75,0.23,275.74
134,5.98,5.76,0.23,269.99
135,5.98,5.76,0.22,264.23
136,5.98,5.76,0.22,258.46
137,5.98,5.77,0.22,252.69
138,5.98,5.77,0.21,246.92
139,5.98,5.78,0.21,241.14
140,5.98,5.78,0.20,235.36
141,5.98,5.79,0.20,229.57
142,5.98,5.79,0.19,223.77
143,5.98,5.80,0.19,217.97
144,5.98,5.80,0.18,212.17
145,5.98,5.81,0.18,206.36
146,5.98,5.81,0.17,200.55
147,5.98,5.82,0.17,194.73
148,5.98,5.82,0.16,188.91
149,5.98,5.83,0.16,183.08
150,5.98,5.83,0.15,177.25
151,5.98,5.84,0.15,171.41
152,5.98,5.84,0.14,165.57
153,5.98,5.85,0.14,159.72
154,5.98,5.85,0.13,153.87
155,5.98,5.86,0.13,148.01
156,5.98,5.86,0.12,142.15
157,5.98,5.87,0.12,136.29
158,5.98,5.87,0.11,130.42
159,5.98,5.88,0.11,124.54
160,5.98,5.88,0.10,118.66
161,5.98,5.89,0.10,112.77
162,5.98,5.89,0.09,106.88
163,5.98,5.90,0.09,100.98
164,5.98,5.90,0.08,95.08
165,5.98,5.91,0.08,89.18
166,5.98,5.91,0.07,83.27
167,5.98,5.92,0.07,77.35
168,5.98,5.92,0.06,71.43
169,5.98,5.93,0.06,65.51
170,5.98,5.93,0.05,59.58
171,5.98,5.94,0.05,53.64
172,5.98,5.94,0.04,47.70
173,5.98,5.95,0.04,41.76
174,5.98,5.95,0.03,35.81
175,5.98,5.96,0.03,29.85
176,5.98,5.96,0.02,23.89
177,5.98,5.97,0.02,17.92
178,5.98,5.97,0.01,11.95
179,5.98,5.97,0.01,5.98
180,5.98,5.98,0.00,-0.00
